time	I(R9)
0.000000000000000e+00	4.534956e-03
3.906250045648818e-10	4.534956e-03
7.812500091297636e-10	4.534956e-03
1.562500018259527e-09	4.534955e-03
3.125000036519054e-09	4.534955e-03
1.250000014607622e-08	4.534954e-03
5.000000058430487e-08	4.534951e-03
1.000000011686097e-07	4.534948e-03
2.000000023372195e-07	4.534941e-03
4.000000046744390e-07	4.534929e-03
8.000000093488779e-07	4.534905e-03
1.600000018697756e-06	4.534868e-03
3.200000037395512e-06	4.534860e-03
6.400000074791024e-06	4.535281e-03
1.280000014958205e-05	4.538144e-03
2.154681617580185e-05	4.547056e-03
3.223838797397723e-05	4.567018e-03
4.593257547028853e-05	4.606823e-03
6.461882462828434e-05	4.680091e-03
8.415007462828435e-05	4.772325e-03
1.036813246282843e-04	4.874222e-03
1.232125746282843e-04	4.979376e-03
1.427438246282843e-04	5.082769e-03
1.622750746282843e-04	5.180521e-03
1.818063246282843e-04	5.269523e-03
2.013375746282843e-04	5.347287e-03
2.208688246282843e-04	5.411889e-03
2.404000746282843e-04	5.461967e-03
2.599313246282843e-04	5.496676e-03
2.794625746282843e-04	5.515631e-03
2.989938246282843e-04	5.518832e-03
3.185250746282844e-04	5.506583e-03
3.380563246282844e-04	5.479437e-03
3.575875746282844e-04	5.438148e-03
3.771188246282844e-04	5.383635e-03
3.966500746282844e-04	5.316963e-03
4.161813246282844e-04	5.239320e-03
4.357125746282845e-04	5.151994e-03
4.552438246282845e-04	5.056360e-03
4.747750746282845e-04	4.953853e-03
4.943063246282845e-04	4.845953e-03
5.138375746282845e-04	4.734166e-03
5.333688246282845e-04	4.620012e-03
5.529000746282845e-04	4.505004e-03
5.724313246282845e-04	4.390647e-03
5.919625746282845e-04	4.278427e-03
6.114938246282846e-04	4.169808e-03
6.310250746282846e-04	4.066223e-03
6.505563246282846e-04	3.969071e-03
6.700875746282846e-04	3.879706e-03
6.896188246282846e-04	3.799418e-03
7.091500746282846e-04	3.729413e-03
7.286813246282847e-04	3.670233e-03
7.448043735030558e-04	3.630896e-03
7.630683021087456e-04	3.597790e-03
7.825995521087456e-04	3.575202e-03
8.021308021087456e-04	3.566384e-03
8.216620521087456e-04	3.571743e-03
8.411933021087456e-04	3.591239e-03
8.607245521087457e-04	3.624621e-03
8.802558021087457e-04	3.671434e-03
8.997870521087457e-04	3.731045e-03
9.193183021087457e-04	3.802660e-03
9.388495521087457e-04	3.885343e-03
9.583808021087457e-04	3.978032e-03
9.779120521087458e-04	4.079545e-03
9.974433021087458e-04	4.188584e-03
1.016974552108746e-03	4.303725e-03
1.036505802108746e-03	4.423413e-03
1.056037052108746e-03	4.545946e-03
1.075568302108746e-03	4.669465e-03
1.095099552108746e-03	4.791961e-03
1.114630802108746e-03	4.911291e-03
1.134162052108746e-03	5.025228e-03
1.153693302108746e-03	5.131544e-03
1.173224552108746e-03	5.228103e-03
1.192755802108746e-03	5.312980e-03
1.212287052108746e-03	5.384563e-03
1.231818302108746e-03	5.442362e-03
1.247666240545389e-03	5.477926e-03
1.264132532309472e-03	5.502750e-03
1.283663782309472e-03	5.517689e-03
1.303195032309472e-03	5.517517e-03
1.322726282309472e-03	5.501996e-03
1.342257532309472e-03	5.471728e-03
1.361788782309472e-03	5.427507e-03
1.381320032309472e-03	5.370282e-03
1.400851282309472e-03	5.301145e-03
1.420382532309472e-03	5.221307e-03
1.439913782309472e-03	5.132076e-03
1.459445032309472e-03	5.034840e-03
1.478976282309472e-03	4.931047e-03
1.498507532309472e-03	4.822182e-03
1.518038782309472e-03	4.709759e-03
1.537570032309472e-03	4.595294e-03
1.557101282309472e-03	4.480300e-03
1.576632532309472e-03	4.366278e-03
1.596163782309472e-03	4.254710e-03
1.615695032309472e-03	4.147053e-03
1.635226282309472e-03	4.044735e-03
1.654757532309472e-03	3.949146e-03
1.674288782309472e-03	3.861627e-03
1.693820032309472e-03	3.783452e-03
1.713351282309472e-03	3.715807e-03
1.732882532309472e-03	3.659262e-03
1.749399098323280e-03	3.620979e-03
1.764776655084890e-03	3.594742e-03
1.784307905084890e-03	3.573862e-03
1.803839155084890e-03	3.566280e-03
1.823370405084890e-03	3.572881e-03
1.842901655084891e-03	3.593607e-03
1.862432905084891e-03	3.628186e-03
1.881964155084891e-03	3.676147e-03
1.901495405084891e-03	3.736842e-03
1.921026655084891e-03	3.809464e-03
1.940557905084891e-03	3.893067e-03
1.960089155084891e-03	3.986577e-03
1.979620405084891e-03	4.088802e-03
1.999151655084891e-03	4.198433e-03
2.018682905084891e-03	4.314036e-03
2.038214155084891e-03	4.434043e-03
2.057745405084891e-03	4.556738e-03
2.077276655084891e-03	4.680251e-03
2.096807905084891e-03	4.802557e-03
2.116339155084891e-03	4.921504e-03
2.135870405084891e-03	5.034864e-03
2.155401655084891e-03	5.140408e-03
2.174932905084891e-03	5.236019e-03
2.194464155084891e-03	5.319793e-03
2.213995405084891e-03	5.390149e-03
2.233526655084891e-03	5.446420e-03
2.250447875305415e-03	5.483042e-03
2.265729283287843e-03	5.504858e-03
2.285260533287843e-03	5.518261e-03
2.304791783287843e-03	5.516817e-03
2.324323033287843e-03	5.500065e-03
2.343854283287843e-03	5.468625e-03
2.363385533287843e-03	5.423302e-03
2.382916783287843e-03	5.365061e-03
2.402448033287843e-03	5.295003e-03
2.421979283287843e-03	5.214346e-03
2.441510533287843e-03	5.124408e-03
2.461041783287843e-03	5.026581e-03
2.480573033287843e-03	4.922316e-03
2.500104283287843e-03	4.813104e-03
2.519635533287843e-03	4.700457e-03
2.539166783287843e-03	4.585892e-03
2.558698033287843e-03	4.470922e-03
2.578229283287843e-03	4.357045e-03
2.597760533287843e-03	4.245742e-03
2.617291783287843e-03	4.138469e-03
2.636823033287843e-03	4.036650e-03
2.656354283287843e-03	3.941671e-03
2.675885533287843e-03	3.854868e-03
2.695416783287843e-03	3.777511e-03
2.714948033287843e-03	3.710777e-03
2.734479283287843e-03	3.655386e-03
2.751998908996493e-03	3.616163e-03
2.768254827541201e-03	3.590039e-03
2.787786077541201e-03	3.571483e-03
2.807317327541201e-03	3.566420e-03
2.826848577541201e-03	3.575546e-03
2.846379827541201e-03	3.598764e-03
2.865911077541201e-03	3.635765e-03
2.885442327541201e-03	3.686046e-03
2.904973577541201e-03	3.748928e-03
2.924504827541201e-03	3.823578e-03
2.944036077541201e-03	3.909027e-03
2.963567327541201e-03	4.004180e-03
2.983098577541201e-03	4.107823e-03
3.002629827541202e-03	4.218626e-03
3.022161077541202e-03	4.335132e-03
3.041692327541202e-03	4.455748e-03
3.061223577541202e-03	4.578730e-03
3.080754827541202e-03	4.702180e-03
3.100286077541202e-03	4.824048e-03
3.119817327541202e-03	4.942165e-03
3.139348577541202e-03	5.054294e-03
3.158879827541202e-03	5.158219e-03
3.178411077541202e-03	5.251854e-03
3.197942327541202e-03	5.333344e-03
3.217473577541202e-03	5.401175e-03
3.237004827541202e-03	5.454226e-03
3.256536077541202e-03	5.491871e-03
3.275641661919415e-03	5.513301e-03
3.295172911919415e-03	5.519474e-03
3.314704161919415e-03	5.510195e-03
3.334235411919415e-03	5.485898e-03
3.353766661919415e-03	5.447301e-03
3.373297911919415e-03	5.395292e-03
3.392829161919415e-03	5.330909e-03
3.412360411919415e-03	5.255313e-03
3.431891661919415e-03	5.169775e-03
3.451422911919415e-03	5.075655e-03
3.470954161919415e-03	4.974377e-03
3.490485411919415e-03	4.867414e-03
3.510016661919415e-03	4.756269e-03
3.529547911919415e-03	4.642459e-03
3.549079161919415e-03	4.527499e-03
3.568610411919416e-03	4.412897e-03
3.588141661919416e-03	4.300144e-03
3.607672911919416e-03	4.190706e-03
3.627204161919416e-03	4.086024e-03
3.646735411919416e-03	3.987506e-03
3.666266661919416e-03	3.896514e-03
3.685797911919416e-03	3.814352e-03
3.705329161919416e-03	3.742245e-03
3.724860411919416e-03	3.681314e-03
3.744391661919416e-03	3.632370e-03
3.762914755432950e-03	3.598086e-03
3.782446005432950e-03	3.575341e-03
3.801977255432950e-03	3.566408e-03
3.821508505432950e-03	3.571651e-03
3.841039755432950e-03	3.591035e-03
3.860571005432950e-03	3.624308e-03
3.880102255432950e-03	3.671017e-03
3.899633505432950e-03	3.730529e-03
3.919164755432950e-03	3.802053e-03
3.938696005432949e-03	3.884653e-03
3.958227255432949e-03	3.977268e-03
3.977758505432949e-03	4.078717e-03
3.997289755432948e-03	4.187701e-03
4.016821005432948e-03	4.302801e-03
4.036352255432947e-03	4.422459e-03
4.055883505432947e-03	4.544976e-03
4.075414755432947e-03	4.668496e-03
4.094946005432946e-03	4.791008e-03
4.114477255432946e-03	4.910371e-03
4.134008505432945e-03	5.024360e-03
4.153539755432945e-03	5.130744e-03
4.173071005432944e-03	5.227387e-03
4.192602255432944e-03	5.312363e-03
4.212133505432944e-03	5.384056e-03
4.231664755432943e-03	5.441992e-03
4.247416220736579e-03	5.477443e-03
4.264039585817330e-03	5.502606e-03
4.283570835817330e-03	5.517652e-03
4.303102085817329e-03	5.517555e-03
4.322633335817329e-03	5.502105e-03
4.342164585817329e-03	5.471906e-03
4.361695835817328e-03	5.427748e-03
4.381227085817328e-03	5.370583e-03
4.400758335817327e-03	5.301501e-03
4.420289585817327e-03	5.221711e-03
4.439820835817327e-03	5.132521e-03
4.459352085817326e-03	5.035319e-03
4.478883335817326e-03	4.931553e-03
4.498414585817325e-03	4.822710e-03
4.517945835817325e-03	4.710300e-03
4.537477085817324e-03	4.595841e-03
4.557008335817324e-03	4.480846e-03
4.576539585817324e-03	4.366816e-03
4.596070835817323e-03	4.255233e-03
4.615602085817323e-03	4.147554e-03
4.635133335817322e-03	4.045208e-03
4.654664585817322e-03	3.949583e-03
4.674195835817322e-03	3.862022e-03
4.693727085817321e-03	3.783800e-03
4.713258335817321e-03	3.716103e-03
4.732789585817320e-03	3.659491e-03
4.749247758288752e-03	3.621289e-03
4.764720403935721e-03	3.594840e-03
4.784251653935720e-03	3.573904e-03
4.803782903935720e-03	3.566282e-03
4.823314153935720e-03	3.572842e-03
4.842845403935719e-03	3.593528e-03
4.862376653935719e-03	3.628067e-03
4.881907903935718e-03	3.675990e-03
4.901439153935718e-03	3.736650e-03
4.920970403935718e-03	3.809239e-03
4.940501653935717e-03	3.892811e-03
4.960032903935717e-03	3.986294e-03
4.979564153935716e-03	4.088496e-03
4.999095403935716e-03	4.198108e-03
5.018626653935715e-03	4.313696e-03
5.038157903935715e-03	4.433693e-03
5.057689153935715e-03	4.556383e-03
5.077220403935714e-03	4.679895e-03
5.096751653935714e-03	4.802208e-03
5.116282903935713e-03	4.921169e-03
5.135814153935713e-03	5.034547e-03
5.155345403935713e-03	5.140118e-03
5.174876653935712e-03	5.235760e-03
5.194407903935712e-03	5.319570e-03
5.213939153935711e-03	5.389967e-03
5.233470403935711e-03	5.446288e-03
5.250356286920994e-03	5.482896e-03
5.265580148408730e-03	5.504700e-03
5.285111398408730e-03	5.518212e-03
5.304642648408730e-03	5.516887e-03
5.324173898408729e-03	5.500249e-03
5.343705148408729e-03	5.468918e-03
5.363236398408728e-03	5.423699e-03
5.382767648408728e-03	5.365552e-03
5.402298898408727e-03	5.295580e-03
5.421830148408727e-03	5.214999e-03
5.441361398408727e-03	5.125126e-03
5.460892648408726e-03	5.027354e-03
5.480423898408726e-03	4.923133e-03
5.499955148408725e-03	4.813953e-03
5.519486398408725e-03	4.701327e-03
5.539017648408725e-03	4.586771e-03
5.558548898408724e-03	4.471797e-03
5.578080148408724e-03	4.357907e-03
5.597611398408723e-03	4.246579e-03
5.617142648408723e-03	4.139269e-03
5.636673898408722e-03	4.037403e-03
5.656205148408722e-03	3.942367e-03
5.675736398408722e-03	3.855497e-03
5.695267648408721e-03	3.778063e-03
5.714798898408721e-03	3.711243e-03
5.734330148408720e-03	3.655744e-03
5.751756098565617e-03	3.616591e-03
5.767859465447281e-03	3.590543e-03
5.787390715447280e-03	3.571731e-03
5.806921965447280e-03	3.566382e-03
5.826453215447279e-03	3.575220e-03
5.845984465447279e-03	3.598155e-03
5.865515715447279e-03	3.634882e-03
5.885046965447278e-03	3.684900e-03
5.904578215447278e-03	3.747535e-03
5.924109465447277e-03	3.821957e-03
5.943640715447277e-03	3.907197e-03
5.963171965447277e-03	4.002165e-03
5.982703215447276e-03	4.105649e-03
6.002234465447276e-03	4.216322e-03
6.021765715447275e-03	4.332728e-03
6.041296965447275e-03	4.453277e-03
6.060828215447274e-03	4.576229e-03
6.080359465447274e-03	4.699690e-03
6.099890715447274e-03	4.821612e-03
6.119421965447273e-03	4.939826e-03
6.138953215447273e-03	5.052099e-03
6.158484465447272e-03	5.156212e-03
6.178015715447272e-03	5.250074e-03
6.197546965447272e-03	5.331825e-03
6.217078215447271e-03	5.399945e-03
6.236609465447271e-03	5.453304e-03
6.256140715447270e-03	5.491318e-03
6.274998083532046e-03	5.512877e-03
6.294529333532046e-03	5.519517e-03
6.314060583532045e-03	5.510744e-03
6.333591833532045e-03	5.486931e-03
6.353123083532045e-03	5.448792e-03
6.372654333532044e-03	5.397209e-03
6.392185583532044e-03	5.333215e-03
6.411716833532043e-03	5.257969e-03
6.431248083532043e-03	5.172738e-03
6.450779333532042e-03	5.078878e-03
6.470310583532042e-03	4.977813e-03
6.489841833532042e-03	4.871014e-03
6.509373083532041e-03	4.759982e-03
6.528904333532041e-03	4.646235e-03
6.548435583532040e-03	4.531289e-03
6.567966833532040e-03	4.416652e-03
6.587498083532040e-03	4.303814e-03
6.607029333532039e-03	4.194244e-03
6.626560583532039e-03	4.089383e-03
6.646091833532038e-03	3.990640e-03
6.665623083532038e-03	3.899378e-03
6.685154333532038e-03	3.816905e-03
6.704685583532037e-03	3.744449e-03
6.724216833532037e-03	3.683134e-03
6.743748083532036e-03	3.633843e-03
6.762675268331636e-03	3.598523e-03
6.782206518331635e-03	3.575539e-03
6.801737768331635e-03	3.566433e-03
6.821269018331634e-03	3.571502e-03
6.840800268331634e-03	3.590713e-03
6.860331518331634e-03	3.623818e-03
6.879862768331633e-03	3.670365e-03
6.899394018331633e-03	3.729725e-03
6.918925268331632e-03	3.801107e-03
6.938456518331632e-03	3.883577e-03
6.957987768331632e-03	3.976076e-03
6.977519018331631e-03	4.077424e-03
6.997050268331631e-03	4.186325e-03
7.016581518331630e-03	4.301358e-03
7.036112768331630e-03	4.420971e-03
7.055644018331629e-03	4.543464e-03
7.075175268331629e-03	4.666983e-03
7.094706518331629e-03	4.789520e-03
7.114237768331628e-03	4.908935e-03
7.133769018331628e-03	5.023004e-03
7.153300268331627e-03	5.129494e-03
7.172831518331627e-03	5.226269e-03
7.192362768331627e-03	5.311399e-03
7.211894018331626e-03	5.383263e-03
7.231425268331626e-03	5.441412e-03
7.247026262906366e-03	5.476686e-03
7.263894608313027e-03	5.502381e-03
7.283425858313026e-03	5.517595e-03
7.302957108313026e-03	5.517613e-03
7.322488358313025e-03	5.502275e-03
7.342019608313025e-03	5.472183e-03
7.361550858313025e-03	5.428126e-03
7.381082108313024e-03	5.371053e-03
7.400613358313024e-03	5.302055e-03
7.420144608313023e-03	5.222339e-03
7.439675858313023e-03	5.133213e-03
7.459207108313022e-03	5.036067e-03
7.478738358313022e-03	4.932344e-03
7.498269608313022e-03	4.823533e-03
7.517800858313021e-03	4.711144e-03
7.537332108313021e-03	4.596695e-03
7.556863358313020e-03	4.481698e-03
7.576394608313020e-03	4.367655e-03
7.595925858313020e-03	4.256048e-03
7.615457108313019e-03	4.148336e-03
7.634988358313019e-03	4.045944e-03
7.654519608313018e-03	3.950265e-03
7.674050858313018e-03	3.862639e-03
7.693582108313017e-03	3.784343e-03
7.713113358313017e-03	3.716564e-03
7.732644608313017e-03	3.659847e-03
7.749011697824391e-03	3.621773e-03
7.764632662404504e-03	3.594994e-03
7.784163912404504e-03	3.573970e-03
7.803695162404503e-03	3.566285e-03
7.823226412404504e-03	3.572781e-03
7.842757662404503e-03	3.593404e-03
7.862288912404503e-03	3.627882e-03
7.881820162404502e-03	3.675746e-03
7.901351412404502e-03	3.736350e-03
7.920882662404502e-03	3.808888e-03
7.940413912404501e-03	3.892413e-03
7.959945162404501e-03	3.985854e-03
7.979476412404500e-03	4.088020e-03
7.999007662404500e-03	4.197601e-03
8.018538912404500e-03	4.313166e-03
8.038070162404499e-03	4.433147e-03
8.057601412404499e-03	4.555829e-03
8.077132662404498e-03	4.679342e-03
8.096663912404498e-03	4.801665e-03
8.116195162404497e-03	4.920646e-03
8.135726412404497e-03	5.034054e-03
8.155257662404497e-03	5.139664e-03
8.174788912404496e-03	5.235355e-03
8.194320162404496e-03	5.319223e-03
8.213851412404495e-03	5.389683e-03
8.233382662404495e-03	5.446421e-03
8.248516761422938e-03	5.479722e-03
8.264448694216147e-03	5.503237e-03
8.283979944216147e-03	5.517811e-03
8.303511194216146e-03	5.517387e-03
8.323042444216146e-03	5.501621e-03
8.342573694216145e-03	5.471122e-03
8.362104944216145e-03	5.426681e-03
8.381636194216145e-03	5.369255e-03
8.401167444216144e-03	5.299935e-03
8.420698694216144e-03	5.219934e-03
8.440229944216143e-03	5.130562e-03
8.459761194216143e-03	5.033208e-03
8.479292444216142e-03	4.929321e-03
8.498823694216142e-03	4.820387e-03
8.518354944216142e-03	4.707919e-03
8.537886194216141e-03	4.593433e-03
8.557417444216141e-03	4.478442e-03
8.576948694216140e-03	4.364449e-03
8.596479944216140e-03	4.252932e-03
8.616011194216140e-03	4.145351e-03
8.635542444216139e-03	4.043131e-03
8.655073694216139e-03	3.947662e-03
8.674604944216138e-03	3.860284e-03
8.694136194216138e-03	3.782270e-03
8.713667444216137e-03	3.714805e-03
8.733198694216137e-03	3.658488e-03
8.749913884645804e-03	3.619932e-03
8.764967992515985e-03	3.594407e-03
8.784499242515984e-03	3.573719e-03
8.804030492515984e-03	3.566276e-03
8.823561742515983e-03	3.573016e-03
8.843092992515983e-03	3.593880e-03
8.862624242515982e-03	3.628592e-03
8.882155492515982e-03	3.676681e-03
8.901686742515982e-03	3.737497e-03
8.921217992515981e-03	3.810232e-03
8.940749242515981e-03	3.893937e-03
8.960280492515980e-03	3.987538e-03
8.979811742515980e-03	4.089843e-03
8.999342992515980e-03	4.199539e-03
9.018874242515979e-03	4.315194e-03
9.038405492515979e-03	4.435236e-03
9.057936742515978e-03	4.557948e-03
9.077467992515978e-03	4.681459e-03
9.096999242515977e-03	4.803742e-03
9.116530492515977e-03	4.922646e-03
9.136061742515977e-03	5.035940e-03
9.155592992515976e-03	5.141397e-03
9.175124242515976e-03	5.236900e-03
9.194655492515975e-03	5.320549e-03
9.214186742515975e-03	5.390768e-03
9.233717992515975e-03	5.446867e-03
9.250759409983409e-03	5.483539e-03
9.266236559537821e-03	5.505390e-03
9.285767809537821e-03	5.518421e-03
9.305299059537820e-03	5.516574e-03
9.324830309537820e-03	5.499431e-03
9.344361559537820e-03	5.467619e-03
9.363892809537819e-03	5.421949e-03
9.383424059537819e-03	5.363386e-03
9.402955309537818e-03	5.293037e-03
9.422486559537818e-03	5.212122e-03
9.442017809537817e-03	5.121960e-03
9.461549059537817e-03	5.023948e-03
9.481080309537817e-03	4.919536e-03
9.500611559537816e-03	4.810216e-03
9.520142809537816e-03	4.697499e-03
9.539674059537815e-03	4.582905e-03
9.559205309537815e-03	4.467944e-03
9.578736559537815e-03	4.354115e-03
9.598267809537814e-03	4.242899e-03
9.617799059537814e-03	4.135749e-03
9.637330309537813e-03	4.034090e-03
9.656861559537813e-03	3.939307e-03
9.676392809537812e-03	3.852735e-03
9.695924059537812e-03	3.775639e-03
9.715455309537812e-03	3.709195e-03
9.734986559537811e-03	3.654454e-03
9.754517809537811e-03	3.612023e-03
9.772356051787163e-03	3.585158e-03
9.791887301787162e-03	3.569258e-03
9.811418551787162e-03	3.567168e-03
9.830949801787161e-03	3.579265e-03
9.850481051787161e-03	3.605407e-03
9.870012301787160e-03	3.645244e-03
9.889543551787160e-03	3.698231e-03
9.909074801787160e-03	3.763658e-03
9.928606051787159e-03	3.840661e-03
9.948137301787159e-03	3.928242e-03
9.967668551787158e-03	4.025282e-03
9.987199801787158e-03	4.130543e-03
1.000673105178716e-02	4.242669e-03
1.002626230178716e-02	4.360175e-03
1.004579355178716e-02	4.481438e-03
1.006532480178716e-02	4.604680e-03
1.008485605178716e-02	4.727973e-03
1.010438730178716e-02	4.849237e-03
1.012391855178716e-02	4.966283e-03
1.014344980178715e-02	5.076869e-03
1.016298105178715e-02	5.178801e-03
1.018251230178715e-02	5.270029e-03
1.020204355178715e-02	5.348764e-03
1.022157480178715e-02	5.413570e-03
1.024110605178715e-02	5.463415e-03
1.026063730178715e-02	5.497666e-03
1.028016855178715e-02	5.516068e-03
1.029969980178715e-02	5.518692e-03
1.031923105178715e-02	5.505878e-03
1.033876230178715e-02	5.478196e-03
1.035829355178715e-02	5.436406e-03
1.037782480178715e-02	5.381431e-03
1.039735605178715e-02	5.314340e-03
1.041688730178715e-02	5.236323e-03
1.043641855178715e-02	5.148673e-03
1.045594980178715e-02	5.052765e-03
1.047548105178715e-02	4.950037e-03
1.049501230178715e-02	4.841971e-03
1.051454355178715e-02	4.730072e-03
1.053407480178715e-02	4.615861e-03
1.055360605178715e-02	4.500850e-03
1.057313730178715e-02	4.386545e-03
1.059266855178715e-02	4.274430e-03
1.061219980178714e-02	4.165967e-03
1.063173105178714e-02	4.062591e-03
1.065126230178714e-02	3.965698e-03
1.067079355178714e-02	3.876638e-03
1.069032480178714e-02	3.796701e-03
1.070985605178714e-02	3.727090e-03
1.072938730178714e-02	3.668267e-03
1.074506679051046e-02	3.630239e-03
1.076316592113506e-02	3.597612e-03
1.078269717113506e-02	3.575121e-03
1.080222842113506e-02	3.566375e-03
1.082175967113506e-02	3.571805e-03
1.084129092113506e-02	3.591372e-03
1.086082217113506e-02	3.624822e-03
1.088035342113506e-02	3.671701e-03
1.089988467113506e-02	3.731374e-03
1.091941592113506e-02	3.803047e-03
1.093894717113506e-02	3.885782e-03
1.095847842113506e-02	3.978519e-03
1.097800967113506e-02	4.080073e-03
1.099754092113506e-02	4.189146e-03
1.101707217113506e-02	4.304314e-03
1.103660342113506e-02	4.424021e-03
1.105613467113506e-02	4.546563e-03
1.107566592113506e-02	4.670082e-03
1.109519717113506e-02	4.792567e-03
1.111472842113506e-02	4.911876e-03
1.113425967113506e-02	5.025781e-03
1.115379092113506e-02	5.132053e-03
1.117332217113506e-02	5.228559e-03
1.119285342113505e-02	5.313372e-03
1.121238467113505e-02	5.384886e-03
1.123191592113505e-02	5.442597e-03
1.124782519304647e-02	5.478232e-03
1.126419162203090e-02	5.502841e-03
1.128372287203090e-02	5.517712e-03
1.130325412203090e-02	5.517493e-03
1.132278537203090e-02	5.501926e-03
1.134231662203090e-02	5.471615e-03
1.136184787203090e-02	5.427353e-03
1.138137912203090e-02	5.370090e-03
1.140091037203090e-02	5.300920e-03
1.142044162203090e-02	5.221051e-03
1.143997287203090e-02	5.131793e-03
1.145950412203090e-02	5.034535e-03
1.147903537203090e-02	4.930724e-03
1.149856662203090e-02	4.821847e-03
1.151809787203090e-02	4.709415e-03
1.153762912203089e-02	4.594946e-03
1.155716037203089e-02	4.479953e-03
1.157669162203089e-02	4.365936e-03
1.159622287203089e-02	4.254377e-03
1.161575412203089e-02	4.146735e-03
1.163528537203089e-02	4.044435e-03
1.165481662203089e-02	3.948869e-03
1.167434787203089e-02	3.861376e-03
1.169387912203089e-02	3.783231e-03
1.171341037203089e-02	3.715620e-03
1.173294162203089e-02	3.659118e-03
1.174949531083644e-02	3.620783e-03
1.176481241585871e-02	3.594679e-03
1.178434366585871e-02	3.573835e-03
1.180387491585871e-02	3.566280e-03
1.182340616585871e-02	3.572907e-03
1.184293741585871e-02	3.593658e-03
1.186246866585871e-02	3.628262e-03
1.188199991585871e-02	3.676247e-03
1.190153116585871e-02	3.736965e-03
1.192106241585871e-02	3.809608e-03
1.194059366585871e-02	3.893230e-03
1.196012491585871e-02	3.986757e-03
1.197965616585871e-02	4.088997e-03
1.199918741585871e-02	4.198640e-03
1.201871866585871e-02	4.314253e-03
1.203824991585871e-02	4.434267e-03
1.205778116585871e-02	4.556965e-03
1.207731241585870e-02	4.680477e-03
1.209684366585870e-02	4.802779e-03
1.211637491585870e-02	4.921719e-03
1.213590616585870e-02	5.035065e-03
1.215543741585870e-02	5.140594e-03
1.217496866585870e-02	5.236184e-03
1.219449991585870e-02	5.319934e-03
1.221403116585870e-02	5.390265e-03
1.223356241585870e-02	5.446503e-03
1.225050610104023e-02	5.483136e-03
1.226582409316631e-02	5.504959e-03
1.228535534316631e-02	5.518292e-03
1.230488659316631e-02	5.516773e-03
1.232441784316631e-02	5.499947e-03
1.234394909316631e-02	5.468438e-03
1.236348034316631e-02	5.423050e-03
1.238301159316631e-02	5.364749e-03
1.240254284316630e-02	5.294636e-03
1.242207409316630e-02	5.213931e-03
1.244160534316630e-02	5.123951e-03
1.246113659316630e-02	5.026089e-03
1.248066784316630e-02	4.921797e-03
1.250019909316630e-02	4.812565e-03
1.251973034316630e-02	4.699904e-03
1.253926159316630e-02	4.585334e-03
1.255879284316630e-02	4.470365e-03
1.257832409316630e-02	4.356497e-03
1.259785534316630e-02	4.245211e-03
1.261738659316630e-02	4.137961e-03
1.263691784316630e-02	4.036171e-03
1.265644909316630e-02	3.941229e-03
1.267598034316630e-02	3.854469e-03
1.269551159316630e-02	3.777161e-03
1.271504284316630e-02	3.710480e-03
1.273457409316630e-02	3.655483e-03
1.275410534316630e-02	3.612733e-03
1.277168452031558e-02	3.585918e-03
1.279121577031558e-02	3.569582e-03
1.281074702031558e-02	3.567004e-03
1.283027827031558e-02	3.578614e-03
1.284980952031558e-02	3.604278e-03
1.286934077031558e-02	3.643652e-03
1.288887202031558e-02	3.696199e-03
1.290840327031558e-02	3.761211e-03
1.292793452031558e-02	3.837832e-03
1.294746577031558e-02	3.925067e-03
1.296699702031558e-02	4.021802e-03
1.298652827031558e-02	4.126802e-03
1.300605952031558e-02	4.238716e-03
1.302559077031558e-02	4.356063e-03
1.304512202031557e-02	4.477225e-03
1.306465327031557e-02	4.600431e-03
1.308418452031557e-02	4.723755e-03
1.310371577031557e-02	4.845125e-03
1.312324702031557e-02	4.962353e-03
1.314277827031557e-02	5.073199e-03
1.316230952031557e-02	5.175463e-03
1.318184077031557e-02	5.267091e-03
1.320137202031557e-02	5.346281e-03
1.322090327031557e-02	5.411586e-03
1.324043452031557e-02	5.461957e-03
1.325996577031557e-02	5.496751e-03
1.327949702031557e-02	5.515698e-03
1.329902827031557e-02	5.518860e-03
1.331855952031557e-02	5.506569e-03
1.333809077031557e-02	5.479387e-03
1.335762202031557e-02	5.438067e-03
1.337715327031557e-02	5.383529e-03
1.339668452031557e-02	5.316836e-03
1.341621577031557e-02	5.239174e-03
1.343574702031557e-02	5.151832e-03
1.345527827031557e-02	5.056184e-03
1.347480952031557e-02	4.953667e-03
1.349434077031557e-02	4.845759e-03
1.351387202031556e-02	4.733967e-03
1.353340327031556e-02	4.619809e-03
1.355293452031556e-02	4.504802e-03
1.357246577031556e-02	4.390447e-03
1.359199702031556e-02	4.278232e-03
1.361152827031556e-02	4.169621e-03
1.363105952031556e-02	4.066045e-03
1.365059077031556e-02	3.968907e-03
1.367012202031556e-02	3.879556e-03
1.368965327031556e-02	3.799285e-03
1.370918452031556e-02	3.729300e-03
1.372871577031556e-02	3.670137e-03
1.374481717766546e-02	3.630864e-03
1.376307306545454e-02	3.597782e-03
1.378260431545454e-02	3.575198e-03
1.380213556545454e-02	3.566384e-03
1.382166681545454e-02	3.571746e-03
1.384119806545454e-02	3.591246e-03
1.386072931545454e-02	3.624631e-03
1.388026056545454e-02	3.671448e-03
1.389979181545454e-02	3.731062e-03
1.391932306545454e-02	3.802679e-03
1.393885431545454e-02	3.885365e-03
1.395838556545454e-02	3.978056e-03
1.397791681545454e-02	4.079571e-03
1.399744806545454e-02	4.188612e-03
1.401697931545454e-02	4.303755e-03
1.403651056545454e-02	4.423444e-03
1.405604181545454e-02	4.545976e-03
1.407557306545454e-02	4.669496e-03
1.409510431545453e-02	4.791991e-03
1.411463556545453e-02	4.911320e-03
1.413416681545453e-02	5.025256e-03
1.415369806545453e-02	5.131569e-03
1.417322931545453e-02	5.228126e-03
1.419276056545453e-02	5.313000e-03
1.421229181545453e-02	5.384580e-03
1.423182306545453e-02	5.442374e-03
1.424767399668162e-02	5.477941e-03
1.426413541564376e-02	5.502755e-03
1.428366666564376e-02	5.517690e-03
1.430319791564376e-02	5.517516e-03
1.432272916564375e-02	5.501993e-03
1.434226041564375e-02	5.471723e-03
1.436179166564375e-02	5.427499e-03
1.438132291564375e-02	5.370273e-03
1.440085416564375e-02	5.301135e-03
1.442038541564375e-02	5.221295e-03
1.443991666564375e-02	5.132062e-03
1.445944791564375e-02	5.034825e-03
1.447897916564375e-02	4.931031e-03
1.449851041564375e-02	4.822166e-03
1.451804166564375e-02	4.709742e-03
1.453757291564375e-02	4.595277e-03
1.455710416564375e-02	4.480283e-03
1.457663541564375e-02	4.366261e-03
1.459616666564375e-02	4.254694e-03
1.461569791564375e-02	4.147038e-03
1.463522916564375e-02	4.044721e-03
1.465476041564375e-02	3.949133e-03
1.467429166564375e-02	3.861615e-03
1.469382291564375e-02	3.783442e-03
1.471335416564375e-02	3.715798e-03
1.473288541564375e-02	3.659256e-03
1.474940379310131e-02	3.620970e-03
1.476477840006775e-02	3.594739e-03
1.478430965006775e-02	3.573861e-03
1.480384090006775e-02	3.566280e-03
1.482337215006775e-02	3.572883e-03
1.484290340006775e-02	3.593610e-03
1.486243465006775e-02	3.628190e-03
1.488196590006775e-02	3.676152e-03
1.490149715006775e-02	3.736848e-03
1.492102840006775e-02	3.809472e-03
1.494055965006775e-02	3.893075e-03
1.496009090006774e-02	3.986586e-03
1.497962215006774e-02	4.088812e-03
1.499915340006774e-02	4.198444e-03
1.501868465006774e-02	4.314048e-03
1.503821590006774e-02	4.434055e-03
1.505774715006774e-02	4.556750e-03
1.507727840006774e-02	4.680262e-03
1.509680965006774e-02	4.802568e-03
1.511634090006774e-02	4.921515e-03
1.513587215006774e-02	5.034874e-03
1.515540340006774e-02	5.140418e-03
1.517493465006774e-02	5.236028e-03
1.519446590006774e-02	5.319800e-03
1.521399715006774e-02	5.390155e-03
1.523352840006774e-02	5.446424e-03
1.525045071649084e-02	5.483048e-03
1.526573390963561e-02	5.504864e-03
1.528526515963561e-02	5.518263e-03
1.530479640963561e-02	5.516815e-03
1.532432765963561e-02	5.500059e-03
1.534385890963560e-02	5.468616e-03
1.536339015963560e-02	5.423290e-03
1.538292140963560e-02	5.365046e-03
1.540245265963560e-02	5.294985e-03
1.542198390963560e-02	5.214326e-03
1.544151515963560e-02	5.124385e-03
1.546104640963560e-02	5.026557e-03
1.548057765963560e-02	4.922291e-03
1.550010890963560e-02	4.813078e-03
1.551964015963560e-02	4.700431e-03
1.553917140963560e-02	4.585865e-03
1.555870265963560e-02	4.470895e-03
1.557823390963560e-02	4.357019e-03
1.559776515963560e-02	4.245716e-03
1.561729640963560e-02	4.138444e-03
1.563682765963560e-02	4.036626e-03
1.565635890963560e-02	3.941649e-03
1.567589015963560e-02	3.854849e-03
1.569542140963560e-02	3.777494e-03
1.571495265963560e-02	3.710762e-03
1.573448390963560e-02	3.655375e-03
1.575200644124036e-02	3.616150e-03
1.576826709205879e-02	3.590024e-03
1.578779834205879e-02	3.571476e-03
1.580732959205879e-02	3.566422e-03
1.582686084205879e-02	3.575556e-03
1.584639209205879e-02	3.598783e-03
1.586592334205879e-02	3.635793e-03
1.588545459205879e-02	3.686081e-03
1.590498584205879e-02	3.748971e-03
1.592451709205879e-02	3.823629e-03
1.594404834205879e-02	3.909084e-03
1.596357959205879e-02	4.004243e-03
1.598311084205879e-02	4.107891e-03
1.600264209205879e-02	4.218698e-03
1.602217334205878e-02	4.335208e-03
1.604170459205878e-02	4.455825e-03
1.606123584205878e-02	4.578808e-03
1.608076709205878e-02	4.702258e-03
1.610029834205878e-02	4.824125e-03
1.611982959205878e-02	4.942238e-03
1.613936084205878e-02	5.054363e-03
1.615889209205878e-02	5.158283e-03
1.617842334205878e-02	5.251910e-03
1.619795459205878e-02	5.333391e-03
1.621748584205878e-02	5.401213e-03
1.623701709205878e-02	5.454255e-03
1.625654834205878e-02	5.491889e-03
1.627566162595115e-02	5.513315e-03
1.629519287595115e-02	5.519473e-03
1.631472412595115e-02	5.510178e-03
1.633425537595115e-02	5.485866e-03
1.635378662595115e-02	5.447255e-03
1.637331787595115e-02	5.395233e-03
1.639284912595115e-02	5.330837e-03
1.641238037595115e-02	5.255230e-03
1.643191162595115e-02	5.169683e-03
1.645144287595115e-02	5.075555e-03
1.647097412595115e-02	4.974271e-03
1.649050537595115e-02	4.867303e-03
1.651003662595115e-02	4.756154e-03
1.652956787595115e-02	4.642341e-03
1.654909912595115e-02	4.527382e-03
1.656863037595115e-02	4.412781e-03
1.658816162595115e-02	4.300030e-03
1.660769287595115e-02	4.190596e-03
1.662722412595114e-02	4.085921e-03
1.664675537595114e-02	3.987409e-03
1.666628662595114e-02	3.896425e-03
1.668581787595114e-02	3.814273e-03
1.670534912595114e-02	3.742178e-03
1.672488037595114e-02	3.681258e-03
1.674441162595114e-02	3.632325e-03
1.676292218345311e-02	3.598073e-03
1.678245343345311e-02	3.575335e-03
1.680198468345311e-02	3.566408e-03
1.682151593345311e-02	3.571656e-03
1.684104718345311e-02	3.591046e-03
1.686057843345311e-02	3.624323e-03
1.688010968345311e-02	3.671037e-03
1.689964093345311e-02	3.730555e-03
1.691917218345311e-02	3.802083e-03
1.693870343345311e-02	3.884687e-03
1.695823468345311e-02	3.977305e-03
1.697776593345311e-02	4.078757e-03
1.699729718345310e-02	4.187745e-03
1.701682843345310e-02	4.302846e-03
1.703635968345310e-02	4.422506e-03
1.705589093345310e-02	4.545024e-03
1.707542218345310e-02	4.668543e-03
1.709495343345310e-02	4.791054e-03
1.711448468345310e-02	4.910416e-03
1.713401593345310e-02	5.024402e-03
1.715354718345310e-02	5.130783e-03
1.717307843345310e-02	5.227423e-03
1.719260968345310e-02	5.312393e-03
1.721214093345310e-02	5.384082e-03
1.723167218345310e-02	5.442010e-03
1.724742831578685e-02	5.477467e-03
1.726404408232013e-02	5.502613e-03
1.728357533232013e-02	5.517655e-03
1.730310658232013e-02	5.517554e-03
1.732263783232013e-02	5.502100e-03
1.734216908232013e-02	5.471898e-03
1.736170033232013e-02	5.427737e-03
1.738123158232013e-02	5.370569e-03
1.740076283232013e-02	5.301484e-03
1.742029408232013e-02	5.221691e-03
1.743982533232013e-02	5.132499e-03
1.745935658232012e-02	5.035297e-03
1.747888783232012e-02	4.931529e-03
1.749841908232012e-02	4.822684e-03
1.751795033232012e-02	4.710274e-03
1.753748158232012e-02	4.595815e-03
1.755701283232012e-02	4.480820e-03
1.757654408232012e-02	4.366790e-03
1.759607533232012e-02	4.255208e-03
1.761560658232012e-02	4.147530e-03
1.763513783232012e-02	4.045185e-03
1.765466908232012e-02	3.949562e-03
1.767420033232012e-02	3.862003e-03
1.769373158232012e-02	3.783783e-03
1.771326283232012e-02	3.716089e-03
1.773279408232012e-02	3.659480e-03
1.774925507972662e-02	3.621274e-03
1.776472312522939e-02	3.594836e-03
1.778425437522939e-02	3.573902e-03
1.780378562522939e-02	3.566282e-03
1.782331687522939e-02	3.572844e-03
1.784284812522939e-02	3.593532e-03
1.786237937522939e-02	3.628073e-03
1.788191062522939e-02	3.675998e-03
1.790144187522939e-02	3.736659e-03
1.792097312522939e-02	3.809250e-03
1.794050437522939e-02	3.892824e-03
1.796003562522939e-02	3.986308e-03
1.797956687522939e-02	4.088512e-03
1.799909812522939e-02	4.198125e-03
1.801862937522939e-02	4.313713e-03
1.803816062522939e-02	4.433711e-03
1.805769187522939e-02	4.556401e-03
1.807722312522939e-02	4.679914e-03
1.809675437522939e-02	4.802226e-03
1.811628562522938e-02	4.921186e-03
1.813581687522938e-02	5.034564e-03
1.815534812522938e-02	5.140132e-03
1.817487937522938e-02	5.235773e-03
1.819441062522938e-02	5.319581e-03
1.821394187522938e-02	5.389977e-03
1.823347312522938e-02	5.446295e-03
1.825036071774955e-02	5.482903e-03
1.826558736320191e-02	5.504708e-03
1.828511861320191e-02	5.518215e-03
1.830464986320191e-02	5.516884e-03
1.832418111320190e-02	5.500241e-03
1.834371236320190e-02	5.468905e-03
1.836324361320190e-02	5.423680e-03
1.838277486320190e-02	5.365529e-03
1.840230611320190e-02	5.295552e-03
1.842183736320190e-02	5.214968e-03
1.844136861320190e-02	5.125091e-03
1.846089986320190e-02	5.027317e-03
1.848043111320190e-02	4.923094e-03
1.849996236320190e-02	4.813912e-03
1.851949361320190e-02	4.701285e-03
1.853902486320190e-02	4.586728e-03
1.855855611320190e-02	4.471755e-03
1.857808736320190e-02	4.357865e-03
1.859761861320190e-02	4.246539e-03
1.861714986320190e-02	4.139231e-03
1.863668111320190e-02	4.037367e-03
1.865621236320190e-02	3.942333e-03
1.867574361320190e-02	3.855467e-03
1.869527486320190e-02	3.778037e-03
1.871480611320190e-02	3.711221e-03
1.873433736320190e-02	3.655727e-03
1.875176784521040e-02	3.616570e-03
1.876787859227437e-02	3.590518e-03
1.878740984227437e-02	3.571719e-03
1.880694109227437e-02	3.566384e-03
1.882647234227437e-02	3.575236e-03
1.884600359227437e-02	3.598185e-03
1.886553484227437e-02	3.634925e-03
1.888506609227437e-02	3.684956e-03
1.890459734227437e-02	3.747603e-03
1.892412859227437e-02	3.822036e-03
1.894365984227437e-02	3.907287e-03
1.896319109227437e-02	4.002263e-03
1.898272234227437e-02	4.105755e-03
1.900225359227437e-02	4.216434e-03
1.902178484227436e-02	4.332845e-03
1.904131609227436e-02	4.453397e-03
1.906084734227436e-02	4.576351e-03
1.908037859227436e-02	4.699811e-03
1.909990984227436e-02	4.821730e-03
1.911944109227436e-02	4.939940e-03
1.913897234227436e-02	5.052206e-03
1.915850359227436e-02	5.156310e-03
1.917803484227436e-02	5.250161e-03
1.919756609227436e-02	5.331900e-03
1.921709734227436e-02	5.400005e-03
1.923662859227436e-02	5.453349e-03
1.925615984227436e-02	5.491345e-03
1.927502921912705e-02	5.512898e-03
1.929456046912705e-02	5.519516e-03
1.931409171912704e-02	5.510718e-03
1.933362296912704e-02	5.486882e-03
1.935315421912704e-02	5.448720e-03
1.937268546912704e-02	5.397117e-03
1.939221671912704e-02	5.333104e-03
1.941174796912704e-02	5.257841e-03
1.943127921912704e-02	5.172595e-03
1.945081046912704e-02	5.078723e-03
1.947034171912704e-02	4.977647e-03
1.948987296912704e-02	4.870840e-03
1.950940421912704e-02	4.759802e-03
1.952893546912704e-02	4.646053e-03
1.954846671912704e-02	4.531106e-03
1.956799796912704e-02	4.416470e-03
1.958752921912704e-02	4.303636e-03
1.960706046912704e-02	4.194073e-03
1.962659171912704e-02	4.089221e-03
1.964612296912704e-02	3.990489e-03
1.966565421912704e-02	3.899240e-03
1.968518546912704e-02	3.816782e-03
1.970471671912704e-02	3.744343e-03
1.972424796912704e-02	3.683045e-03
1.974377921912704e-02	3.633772e-03
1.976268685587198e-02	3.598502e-03
1.978221810587198e-02	3.575530e-03
1.980174935587198e-02	3.566433e-03
1.982128060587198e-02	3.571510e-03
1.984081185587198e-02	3.590729e-03
1.986034310587198e-02	3.623842e-03
1.987987435587198e-02	3.670397e-03
1.989940560587198e-02	3.729765e-03
1.991893685587198e-02	3.801153e-03
1.993846810587198e-02	3.883630e-03
1.995799935587197e-02	3.976134e-03
1.997753060587197e-02	4.077488e-03
1.999706185587197e-02	4.185108e-03
2.000000000000000e-02	4.201879e-03
